  -9.2783e-003  -8.6919e-003
  8.8991e-003  8.3357e-003
  -8.3601e-003  -7.8523e-003
  7.6281e-003  7.2103e-003
  -6.7480e-003  -6.3907e-003
  -1.6768e-002  -3.3559e-003
  3.9433e-002  7.8971e-003
  5.9336e-002  1.1848e-002
  2.4764e-002  4.9801e-003
  -3.2688e-002  -6.5729e-003
  -6.0174e-002  -1.2164e-002
  -3.1961e-002  -6.2205e-003
  2.4923e-002  4.7723e-003
  5.9772e-002  1.2204e-002
  3.8641e-002  7.4472e-003
  -1.7370e-002  -3.5450e-003
  -5.7566e-002  -1.1426e-002
  -4.5196e-002  -9.1410e-003
  9.1459e-003  1.9435e-003
  5.4610e-002  1.0798e-002
  3.1454e-001  3.1454e-001
  1.1106e-001  1.1106e-001
  9.7401e-002  9.7401e-002
  1.1868e-001  1.5501e-001
  3.8193e-005  4.6067e-002
  3.3693e-002  4.7105e-002
  2.0399e-001  1.7245e-001
  1.1715e-001  6.9659e-002
  7.5480e-002  5.5698e-002
  1.2570e-001  1.5181e-001
  -4.0759e-003  4.3924e-002
  1.6968e-002  4.2723e-002
  1.7634e-001  1.5617e-001
  1.1313e-001  6.5584e-002
  8.6163e-002  5.4949e-002
  1.3229e-001  1.4611e-001
  -4.5296e-003  4.1617e-002
  1.5005e-003  3.7548e-002
The above two columns you get should be very similar.
(Left-Your Numerical Gradient, Right-Analytical Gradient)

If your backpropagation implementation is correct, then 
the relative difference will be small (less than 1e-9). 

Relative Difference: 0.176128
